  2.3355914e+000
  2.3077761e+000
  2.3979888e+000
  2.3892375e+000
  2.3168730e+000
  2.3469582e+000
  2.3869098e+000
  2.3185693e+000
  2.3101598e+000
  2.3757727e+000
  2.3329992e+000
  2.3031351e+000
  2.3883541e+000
  2.3713025e+000
  2.3040474e+000
  2.3635063e+000
  2.3397712e+000
  2.2839733e+000
  2.3512516e+000
  2.3756710e+000
  2.3220241e+000
  2.3272149e+000
  2.3847337e+000
  2.3635294e+000
  2.3155873e+000
  2.3683504e+000
  2.3899833e+000
  2.2967553e+000
  2.3349365e+000
  2.3690388e+000
  2.3388050e+000
  2.3651411e+000
  2.3479129e+000
  2.3328339e+000
  2.3645615e+000
  2.3518243e+000
  2.3577079e+000
  2.3184687e+000
  2.3542791e+000
  2.3886133e+000
